2.054881350392732386e+01 8.469038543025917409e-01 4.811356383227149425e-01 3.519263833212082915e-01 3.708189893664403658e-01 6.618553249314431675e-01 5.814207455411665171e-01 8.941597983165714414e-01 8.305457668227964607e-01 2.740678376618452261e-01 5.517604600383836377e-01 5.789383816720266029e-01 7.159500835085819137e-01 5.832127091040539835e-01 1.820281713528418277e-01 4.968423994613598293e-01 1.452731513395201790e-01 6.017363223829133023e-01 4.826438213503476127e-01 8.638673962201868228e-01
8.469038543025917409e-01 2.079915856421672515e+01 4.492556580261366506e-01 4.454521587253802983e-01 2.662687101918015942e-01 4.549644972598443360e-01 3.223388346678743299e-01 6.561153935487402666e-01 4.876955022140702645e-01 5.180701707451436100e-01 4.804495504600432287e-01 8.234421724408059751e-01 2.868410940892908156e-01 3.343639455670731619e-01 4.338666778746366748e-01 6.958414148872579252e-01 3.717892610067745074e-01 4.069941385301982795e-01 9.238660167214305385e-01 5.695218762286702319e-01
4.811356383227149425e-01 4.492556580261366506e-01 2.069763119592726497e+01 3.582775305472716276e-01 3.654571058972260200e-01 7.029159458703770902e-01 5.832330978985323933e-01 2.823956114602400591e-01 5.187419751972659476e-01 4.704696797733950997e-01 4.739743048551802729e-01 3.560717741389780588e-01 7.528764726066701218e-01 5.923722016975113691e-02 4.133767240061792525e-01 2.472273349568190892e-01 3.542413229432981869e-01 3.565737431478947506e-01 5.050583614668162635e-01 5.981500344171695183e-01
3.519263833212082915e-01 4.454521587253802983e-01 3.582775305472716276e-01 2.013818295134861458e+01 4.445272405250366710e-01 6.654568578892011699e-01 7.324917145387862538e-01 4.945123154043666869e-01 8.521636167137165430e-01 1.669956146342358450e-01 5.780315712865152777e-01 6.333490177801326393e-01 5.544145972677452239e-01 7.671874182686182486e-01 3.762502185786005815e-01 6.014459112115871919e-02 2.922027985286760332e-01 8.240443123364149525e-02 3.765258095839553731e-01 3.472394404995582384e-01
3.708189893664403658e-01 2.662687101918015942e-01 3.654571058972260200e-01 4.445272405250366710e-01 2.056660145420657670e+01 2.570713172297017235e-01 4.735515510124396754e-01 4.500672499022637107e-01 7.757340002795325429e-01 9.317550977505039134e-01 1.716238404213274449e-01 4.265231621348169466e-01 4.243287717984929319e-01 6.931218753547377931e-01 3.183198054397103349e-01 2.952162667104620830e-01 4.243155420248806986e-01 4.099517153790557811e-01 8.554907197236263361e-01 4.127312984469310164e-01
6.618553249314431675e-01 4.549644972598443360e-01 7.029159458703770902e-01 6.654568578892011699e-01 2.570713172297017235e-01 2.057615733441783590e+01 5.992175726998816288e-01 6.380702446656199012e-01 5.394424875166146105e-01 7.833574837414405412e-01 2.571875050404379692e-01 8.996001647215361441e-01 5.477694890623989732e-01 5.412949314391357625e-01 4.809693403253211264e-01 3.143699415089636906e-01 6.686218819558206183e-01 3.291146598112457133e-01 6.701696618117193305e-01 8.006876542452521228e-01
5.814207455411665171e-01 3.223388346678743299e-01 5.832330978985323933e-01 7.324917145387862538e-01 4.735515510124396754e-01 5.992175726998816288e-01 2.001919319830933475e+01 2.009008519934252224e-01 3.359438108388435040e-01 4.128552051177011850e-01 6.487041012487044789e-01 5.581284886667907674e-01 3.504476880404795991e-01 2.900062158549899238e-01 7.758971502597590275e-01 3.616801980030781016e-01 6.288032921986296264e-01 5.860179843443298342e-01 6.881354533066160739e-01 6.234711271012713940e-01
8.941597983165714414e-01 6.561153935487402666e-01 2.823956114602400591e-01 4.945123154043666869e-01 4.500672499022637107e-01 6.380702446656199012e-01 2.009008519934252224e-01 2.091948261374467322e+01 5.371096820137376548e-01 7.943784914612187498e-01 3.015725746070195279e-01 5.418168672408862907e-01 1.728863854452267201e-01 6.009848652350854303e-01 3.010951449447147876e-01 4.507177055545298350e-01 7.514722021819340014e-01 4.379554190798947144e-01 4.031043094645508362e-01 1.142907294520469907e-01
8.305457668227964607e-01 4.876955022140702645e-01 5.187419751972659476e-01 8.521636167137165430e-01 7.757340002795325429e-01 5.394424875166146105e-01 3.359438108388435040e-01 5.371096820137376548e-01 2.072999056242405658e+01 4.508758533891050746e-01 5.288079086564256848e-01 5.008542894140889379e-01 1.724221421198886550e-01 4.123853029079754817e-02 6.455445344280417164e-01 4.747595261354794483e-01 3.144352636395346678e-01 7.528121211484831710e-01 8.042293974122451949e-01 3.303686842965041226e-01
2.740678376618452261e-01 5.180701707451436100e-01 4.704696797733950997e-01 1.669956146342358450e-01 9.317550977505039134e-01 7.833574837414405412e-01 4.128552051177011850e-01 7.943784914612187498e-01 4.508758533891050746e-01 2.031194499547960319e+01 6.474461776282169900e-01 4.703497778726399847e-01 3.371246432646453628e-01 7.149999929592782966e-01 6.895116557240055233e-01 2.509431336212990526e-01 3.036707919367218622e-01 6.068949113019090902e-01 3.740270902575514866e-01 4.164254420888989228e-01
5.517604600383836377e-01 4.804495504600432287e-01 4.739743048551802729e-01 5.780315712865152777e-01 1.716238404213274449e-01 2.571875050404379692e-01 6.487041012487044789e-01 3.015725746070195279e-01 5.288079086564256848e-01 6.474461776282169900e-01 2.099033894739670458e+01 2.354193134967498824e-01 5.093454704750282058e-01 6.204087582407986634e-01 1.946178027976731006e-01 7.644797011694588473e-01 2.505840562796854409e-01 5.145170693139509144e-01 6.439695839020611601e-01 4.468807036297680613e-01
5.789383816720266029e-01 8.234421724408059751e-01 3.560717741389780588e-01 6.333490177801326393e-01 4.265231621348169466e-01 8.996001647215361441e-01 5.581284886667907674e-01 5.418168672408862907e-01 5.008542894140889379e-01 4.703497778726399847e-01 2.354193134967498824e-01 2.021331197736748209e+01 7.293163295917381994e-01 4.510839816855611861e-01 1.721851735633541658e-01 2.858160570759406549e-01 5.813577463203720708e-01 2.494689300601508064e-01 3.026745539259254048e-01 5.054082991740054265e-01
7.159500835085819137e-01 2.868410940892908156e-01 7.528764726066701218e-01 5.544145972677452239e-01 4.243287717984929319e-01 5.477694890623989732e-01 3.504476880404795991e-01 1.728863854452267201e-01 1.724221421198886550e-01 3.371246432646453628e-01 5.093454704750282058e-01 7.293163295917381994e-01 2.076532525380696370e+01 5.434112858436964677e-01 8.629187364700894314e-01 8.147225901438714946e-02 3.045202731778234306e-01 5.074392542319150490e-01 8.593575106420591192e-01 2.754157968409782775e-01
5.832127091040539835e-01 3.343639455670731619e-01 5.923722016975113691e-02 7.671874182686182486e-01 6.931218753547377931e-01 5.412949314391357625e-01 2.900062158549899238e-01 6.009848652350854303e-01 4.123853029079754817e-02 7.149999929592782966e-01 6.204087582407986634e-01 4.510839816855611861e-01 5.434112858436964677e-01 2.096157015454149786e+01 2.107747691869812368e-01 5.194609283271434119e-01 8.191874732157429229e-01 6.546097198353209023e-01 6.332544961569661623e-01 8.616631375267289616e-01
1.820281713528418277e-01 4.338666778746366748e-01 4.133767240061792525e-01 3.762502185786005815e-01 3.183198054397103349e-01 4.809693403253211264e-01 7.758971502597590275e-01 3.010951449447147876e-01 6.455445344280417164e-01 6.895116557240055233e-01 1.946178027976731006e-01 1.721851735633541658e-01 8.629187364700894314e-01 2.107747691869812368e-01 2.051131898254645591e+01 4.481824181643268568e-01 4.382699402175687098e-01 6.991845060625676567e-01 6.064698812014199802e-01 4.970696423048481805e-01
4.968423994613598293e-01 6.958414148872579252e-01 2.472273349568190892e-01 6.014459112115871919e-02 2.952162667104620830e-01 3.143699415089636906e-01 3.616801980030781016e-01 4.507177055545298350e-01 4.747595261354794483e-01 2.509431336212990526e-01 7.644797011694588473e-01 2.858160570759406549e-01 8.147225901438714946e-02 5.194609283271434119e-01 4.481824181643268568e-01 2.024536720985284433e+01 5.989735142644257992e-01 6.193806509638773994e-01 5.105449981570251428e-01 8.430134922874008563e-01
1.452731513395201790e-01 3.717892610067745074e-01 3.542413229432981869e-01 2.922027985286760332e-01 4.243155420248806986e-01 6.686218819558206183e-01 6.288032921986296264e-01 7.514722021819340014e-01 3.144352636395346678e-01 3.036707919367218622e-01 2.505840562796854409e-01 5.813577463203720708e-01 3.045202731778234306e-01 8.191874732157429229e-01 4.382699402175687098e-01 5.989735142644257992e-01 2.025942256434535338e+01 3.257046178321637564e-01 6.919955548568603731e-01 3.140953754481983218e-01
6.017363223829133023e-01 4.069941385301982795e-01 3.565737431478947506e-01 8.240443123364149525e-02 4.099517153790557811e-01 3.291146598112457133e-01 5.860179843443298342e-01 4.379554190798947144e-01 7.528121211484831710e-01 6.068949113019090902e-01 5.145170693139509144e-01 2.494689300601508064e-01 5.074392542319150490e-01 6.546097198353209023e-01 6.991845060625676567e-01 6.193806509638773994e-01 3.257046178321637564e-01 2.012886056546631863e+01 6.759211397911584207e-01 6.565563065992459091e-01
4.826438213503476127e-01 9.238660167214305385e-01 5.050583614668162635e-01 3.765258095839553731e-01 8.554907197236263361e-01 6.701696618117193305e-01 6.881354533066160739e-01 4.031043094645508362e-01 8.042293974122451949e-01 3.740270902575514866e-01 6.439695839020611601e-01 3.026745539259254048e-01 8.593575106420591192e-01 6.332544961569661623e-01 6.064698812014199802e-01 5.105449981570251428e-01 6.919955548568603731e-01 6.759211397911584207e-01 2.045813882726004351e+01 3.036563340036964043e-01
8.638673962201868228e-01 5.695218762286702319e-01 5.981500344171695183e-01 3.472394404995582384e-01 4.127312984469310164e-01 8.006876542452521228e-01 6.234711271012713940e-01 1.142907294520469907e-01 3.303686842965041226e-01 4.164254420888989228e-01 4.468807036297680613e-01 5.054082991740054265e-01 2.754157968409782775e-01 8.616631375267289616e-01 4.970696423048481805e-01 8.430134922874008563e-01 3.140953754481983218e-01 6.565563065992459091e-01 3.036563340036964043e-01 2.018523232523618560e+01
