1.292858848476825633e-02
4.010721502084804713e-02
-1.606903817852918114e-04
4.187098600237072060e-02
3.831375317203598169e-02
1.610882243340071990e-02
1.064053220645156013e-02
5.650611844054110287e-03
2.355731017362535165e-02
-4.343441458715582848e-03
-4.100371624175203067e-03
1.464266320090615824e-02
-1.447832363807380080e-03
6.268774654698299441e-03
6.295082869243713054e-03
7.793674069664378000e-03
1.630360614595262022e-03
-4.496052530962222488e-03
-1.567737667587607627e-03
2.530102498961456919e-02
