4.012595008036087263e-01
9.292914173027139180e-01
9.961493022127132502e-02
9.453015334790795254e-01
8.694885305466322212e-01
4.541623969075517797e-01
3.267008817682600652e-01
2.327441292790568550e-01
6.144647064768743450e-01
3.307459147550562140e-02
1.560606444682821614e-02
4.287957224982378301e-01
6.807407397472020616e-02
2.519409882460929007e-01
2.211609153460838417e-01
2.531911937228519260e-01
1.310552312152577503e-01
1.203622289765426956e-02
1.154842971387480821e-01
6.184802595127478764e-01
